9960995
159713913
159915856
161625669
161625671
44150801
20066464
24842392
432310
167536
19807038
24840910
34820
53406146
53406148
53406136
59782514
71215502
72947266
71365520
76310022
76313739
76317253
85747135
76328186
85881609
85919403
44146007
44147105
117631673
10417304
141737314
121595418
106487
122650382
102207365
123536472
112294
123523338
123773257
117631736
3094114
24842406
3018172
3048261
155569809
155385981
3048054
156052343
4354334
129605397
118328089
137946212
123165184
137946225
15636637
123559899
118020801
164088703
153996762
141949231
153777407
14022636
145867788
156052337
14598031
12342878
129292845
122222819
117890517
11783458
137950600
137946124
129566475
125480546
157100790
157100789
123637971
125480547
54567820
12815392
66835366
23088825
56977616
23148553
18689481
53812961
38761
53961664
19706500
66835388
20376280
54017642
23148566
139833538
98526308
88537118
69391938
87806983
129717472
91291024
159634967
98526306
90755917
89448394
91230144
88595209
69392703
87810759
91432481
88637841
91428167
87806184
87824237
88057300
87811803
87809852
69391746
126735349
69391211
88796034
163531811
88055980
69391896
123785148
87811430
88749150
69390953
69390465
69393526
54535683
88154358
54032712
20386333
69394339
87194536
53964410
87807177
87194502
69389893
88082110
53758430
87777727
57043234
69390165
58133420
87403989
88170178
87808662
69391080
9808013
88170160
69390798
69394472
69396471
9947060
69390147
69390240
87777254
69389777
69391966
87807346
87194103
53702110
69391778
87776664
87697532
88057291
69391425
69392898
3024210
9974412
90450
56844138
57061715
87777679
22601837
87805698
69390487
87777942
69390269
69393872
58133438
69387422
101453782
69392035
69390338
69392235
58598969
15066123
69392646
69394283
140117549
69390536
69394653
69391522
432314
69394286
69391240
21917635
87321504
69390923
69392177
57044012
85583616
69390349
141311313
78815
69388008
69389750
69388724
69390194
54501186
87191477
86167186
87108681
76331869
87068459
76335434
69394694
87084413
85526870
85957832
85526868
87522422
76313741
87067966
87194546
87403992
69387647
69397675
69397618
87432984
87534207
69396566
87279744
71362437
87777449
71338507
87135879
87323945
69395357
75057
87777414
69396002
87194424
87432980
87494939
87776744
87534339
57020305
57021947
87237801
71341153
71334231
87616043
87623358
69394920
87194544
87321482
87194442
71369164
69396655
87194433
69389438
87194302
87776802
87534358
87379502
87534376
69389288
71367844
85699553
87495439
430089
69389363
72947268
87194062
87194595
71382086
87495302
87194468
87534268
71382088
83309
69395598
87194383
87194451
87194483
87776901
87194385
69395341
87373712
87194412
140456453
67820960
14009104
140269036
140764267
69386643
157819834
61907
57447909
69387980
157847
129812695
139649768
139620310
57141904
4176415
69389093
134593214
67919833
3082133
22355621
140274524
69387461
69388511
13075676
53746519
140269042
66835359
14009102
54370647
44145449
69388290
54246814
13771359
69386510
13726204
3083031
57276270
140253635
3705843
69388857
53436408
132527366
22995160
2734118
69387268
54517692
69388871
54010400
139604774
58827785
21917628
139604776
430080
13008320
3393609
54156705
54573418
4193206
69388211
58133435
22597043
69388011
139721259
13668982
69389058
69386572
61506
58598970
69386335
69386276
126736275
57267900
53745001
53431296
57127289
58133429
12958284
140269038
54052354
54286126
140269034
12783667
69387212
54566554
69388139
54310471
140269044
137946122
68777339
57477256
54549397
22555085
45484007
19789126
162154
17818985
20572341
18920617
19824907
17840076
22138203
20563181
21324506
161454921
21869091
20066462
18618037
22158952
161454920
21287799
22352663
54462045
19849316
23185423
163557746
19369133
22766990
20139739
163288802
25177388
54456526
19895016
422865
16747387
18681327
19849308
164138577
21219
17889992
22255886
19849312
160771860
18398485
20139741
23293385
408236
20158124
164161196
17907860
21393143
20442896
20447753
20205123
430079
407858
19807036
20568473
161540913
161277550
21491028
17249
23185421
21265365
21348362
160742681
22561166
21650689
161454922
20289031
408233
18386416
20066470
22766994
54456525
48076
19899890
19798929
19068814
19602104
21452118
4398051
21976049
54556336
23457036
20226040
19798927
18670
412686
161217472
426293
22409022
46049
18681298
20063107
18681301
19958085
24953
20511009
21526917
18622422
20030444
19789124
19798931
21452132
19848251
21452180
18398478
18618044
163715910
54405104
10425
157780711
158762861
153322887
156293017
158632854
158994892
158632857
158923435
153322882
160742677
156729832
157791878
158762860
153745786
154606519
15825516
156729708
156729695
14619953
158762862
158632856
158762864
158762863
156729825
15744
157203060
160130657
153322911
159194678
158960366
160742678
158762865
158632853
157251715
157256896
154150660
160585471
11544142
101957911
10949547
123692998
102207368
123138113
159026615
11965084
123686123
14671701
101941488
150388187
160273593
118223246
123850928
14494872
101160836
102053954
100949692
10939519
101941487
154200704
154115568
157493967
101755139
101213670
123830322
123652815
141718097
123623998
123663650
145847352
157493968
153322896
14671689
154402117
141287842
118450712
101453781
156295185
121362522
153568169
14671687
118131669
14839882
141338408
102585786
141307617
12049151
126735327
118467097
157819833
11293758
10905595
156729751
123917691
145525427
14671699
157493966
10336528
123229308
142012900
101207068
102397310
141307546
102207369
102590399
123913439
12629823
157819832
117879481
141375855
102374736
123949172
150900390
100930647
141471283
141527235
157493965
102374735
141478425
101207067
101393525
123142037
118256720
156729684
122610787
158632855
157819831
101957910
10184286
144740902
153745787
121362523
141484690
154345595
101556567
101937485
141484692
15639872
14671693
152696509
118467099
141191272
102585787
15871986
153850030
70790220
123998344
157819829
18778972
158160886
163723166
129605556
161395858
87449176
87463207
87777385
85518797
87194102
77072
140718873
87811179
129605544
123983764
123927633
123990940
129566576
123827380
124034574
123811112
123990179
7452334
69395978
85623243
46059
20676424
7055237
46053
52103
66835423
23088859
23088822
21152306
57237646
71390285
23534989
21152304
414675
428867
58325454
59839688
22909911
22149533
69238887
71361731
23144960
3048290
23088855
53805334
68757566
430087
66835498
129696569
66835458
410377
20676115
53929888
57319244
67388165
66836893
26339571
59928398
2968
17912687
23144972
410373
69392118
18778973
69393417
430083
3048058
417868
58953003
23148554
67973257
21720534
67195814
20676433
58870895
69509063
23094264
59217480
69123337
430075
164959679
21766126
126735328
54491200
18681287
85859306
19845592
59042463
57831550
70465557
20676441
157819828
21274389
415699
58623399
3048570
2249305
57831555
57477251
22944447
211630
3048205
66835348
69392121
58827452
59110837
68296251
18962732
430086
20676422
57995804
23088833
68196348
23148581
54512768
48312
21609688
20571641
67200324
24969238
22408859
3520533
53734750
66834890
21787124
20676442
22505786
29385
20435532
58641454
69389517
22995149
430082
20676437
69394916
67108163
58827460
66835280
417870
67196767
69397577
59247740
2303265
66835492
68855127
69389569
123861801
57831549
67973040
69389358
57151506
23088850
54096339
84774
23192809
54148604
58827454
53938841
17884331
69876384
60000663
3246352
23088839
60138915
24189534
18681309
58054609
22995138
22995145
23278383
22506612
60000667
85678702
66835459
57165770
23088823
46051
54251353
20640852
19858518
20828059
21152319
4571272
54058603
24833342
23088856
430081
54385265
23508666
21766128
58827453
22074066
57623775
59070442
22408878
68196351
18542498
20401938
68188865
57641069
28940
3048207
62471
20577914
20156037
74328602
21766129
22726077
59226167
129605405
21069456
68438260
189195
71850
3626253
66835403
24189532
23074740
211628
67248959
24833344
20817989
66722403
57623773
23182453
123951244
20266119
17139502
22026958
59044099
54390726
211626
211632
58935187
22995130
77401048
56990276
2752220
57110476
21093282
5247030
17875821
641721
407826
5003685
3045436
57375435
66835414
2724228
125480545
18335489
20816597
6380
22995136
68777859
59982733
423584
22707
67195713
23088846
68048104
69391085
85546188
23088834
37620
59264410
53731446
129566453
59223685
22995139
19704734
57957032
417981
62582
436586
23144962
23144961
54510551
53740281
85551865
200182
68852662
23074738
22269582
54500718
29240
59446162
123877206
410368
18743
129566647
23469334
419977
57176070
53942812
212357
16726631
54435403
430074
69389108
59999858
53833324
57314278
85780722
53885451
20199957
20286157
22995151
18615712
3048568
129605461
418643
69124080
19816840
20435527
18681342
129605398
69393354
417995
430085
410356
21149845
125480544
69528990
23088836
66834776
59446181
53909364
66835472
71335026
421390
59839707
19744
21766127
71346400
68760695
20154
57604619
58300834
53298737
24189536
54071716
20676420
2249303
53805370
69387401
20553545
57587097
54170758
20702446
69388635
54067909
57015432
66835354
22974138
81521
57558414
3048296
57165305
67972819
57587498
22149538
54218218
129566638
71299350
57010389
23148546
8153
57022525
24950
44630345
59446168
23074742
71382090
23088861
59973123
54192430
20579886
19835583
24833035
27778740
22995116
57255541
85617600
69392367
59339938
7055238
5228566
21827285
57641068
59247743
20676443
129605543
430084
30142
58619852
71382092
123921840
53855744
23148562
123859691
20676089
20092195
58005050
53695145
85534044
129566505
85777109
410367
59446159
123922095
22892231
53967678
430076
421375
3048259
410376
58602556
12342876
140694488
129449961
155642824
129676271
102121103
101765113
101430436
123799502
123904532
164938806
14671667
147449203
123609047
141108933
140891775
118209537
118915307
121299487
154517430
140893442
157493964
153636431
124305894
118915302
158398314
129703048
129198411
11530194
11707731
129724145
141949275
129605401
154810932
11672744
10446619
129605523
121299534
121303453
156654591
123730180
124006443
132353583
156644381
145077892
129566527
141949234
11411485
123495125
147980990
125478885
154518874
102061939
123864267
157732259
139843978
139247010
147527990
123812394
141683281
140893439
123202760
10086765
101019515
141108931
123799413
121299461
139396847
12292007
140031577
153418375
140543457
1380971
148862498
140672834
140850683
157544317
102472159
141300053
117973961
123212985
102019526
153070794
117655379
123348703
155642847
154375157
123758913
154810967
123551079
154804460
155794073
140692049
158284
14671679
132353581
154810969
157100785
129605404
124305893
150335125
122714710
158398315
155126039
102290870
130404629
130344114
155395529
11608189
123682840
12077323
157100788
155642829
13827063
129605372
123876899
102069647
158225034
129605530
158484685
14671675
155642841
156457514
153847355
117974645
101577391
153982890
132243172
123580256
123780056
153686711
144653524
155764051
14671673
157074068
14494908
157074067
141859361
124023572
164041909
155075064
1380970
164002515
123619223
14182175
14022639
153964411
164036632
140672844
156052358
123146306
14022644
155762417
10490879
153455786
101256676
145867794
123460969
123557133
141456133
155646154
164869655
141456135
153683653
147996699
123552631
123212034
137946210
164012197
123678966
123983278
101019513
123913908
102018747
123414000
118511777
123651819
123311916
101144043
141484398
149302493
122714721
139420042
137950607
164110512
155642822
129763838
156870011
123996149
137950602
1380972
164166140
129388701
134189293
117974520
121299535
145847351
123995472
129605558
164739442
123969640
123215767
141282396
14251
163994353
123829284
145309999
101430437
129388702
101430433
127262909
13324045
12157911
155642842
137946183
153791259
138560942
137549790
101019512
140694501
149051023
123581023
122481735
130290653
164739436
155970270
156128100
122481535
123326511
154521830
155764038
12342880
141683291
153964423
10786192
147535846
123198791
123878445
154297125
141970003
137549753
157074069
123323657
123650171
117649480
155642839
123872391
129566536
121595422
129605403
117974304
123542414
140694489
118915300
123256312
123753324
147063242
13651817
142980166
157074070
121299486
141683288
132353587
123680827
123394081
145867798
131675432
102152806
117740499
102460724
134166078
153199608
141683283
141683290
101036386
153947719
13767188
129605546
146893640
118915298
164095231
153115959
157836297
150914213
157100791
101036387
145867786
123440694
140540628
15657848
129082
153965861
141683274
102018748
123477026
147328113
140672845
137549751
129389162
164004925
132353589
123337178
14671669
102399201
123363304
140500252
157706195
123407658
110474
155642845
126733427
153651766
146430071
140808359
163970138
101571592
123438643
158019847
154237312
146553169
129566568
142980146
14671671
154523447
137946197
157287255
123237560
11593475
141683286
137946227
10806636
102433837
137547168
146729283
129605504
118583984
123384664
157879345
122482595
123226719
137946181
149341551
155642832
153964415
154473763
123646213
146418800
10920
164070037
137946229
139299525
146877907
129389161
155970333
140113405
12077324
123461419
14494918
145867802
123218167
117974536
122481686
15315514
141566355
101019514
145661404
153964406
139992277
137946195
155642812
146976425
123322195
118915297
123731550
123863258
141640656
102069648
142980134
148277014
129605371
101914328
164739434
117741213
164134664
129605545
13056
12292003
123601404
123379488
123477148
155393862
148729625
123705467
140253583
126653201
121308070
155642818
155970259
153959333
121299548
123682720
147600796
123456690
154690478
144653528
164003081
118524933
102472160
117951608
102152809
135195372
163958991
140539868
123301697
164171602
153996761
10594820
121296210
157493963
122481312
123935386
117802882
156052339
157100787
101792871
134838404
123791769
140672843
139205982
158020831
123892705
155642831
148758903
149127803
145661407
137950596
140599822
145867800
11701609
11484094
13743819
164119325
147683
154057473
14389559
154518102
123231754
14494857
155642833
123833309
132821260
157074071
123342074
123731330
153052153
139443481
153959332
140694503
123801997
123714212
146910800
123273026
118915303
123721832
157100786
164108591
163981367
12292005
163972364
123587133
147715581
140958001
148589174
163956288
121299536
145260537
146934666
164739439
154530859
117632367
123502852
134861978
156689103
142055558
145867790
123228709
153964418
158403455
164741452
23148538
3090838
15634159
153965872
3381208
153979747
3048253
14671677
154177205
156644386
146196908
418471
24842944
14671685
154804472
148588831
3066836
156644380
14671695
40457864
40457863
40457862
436611
409080
20583695
430078
155804919
20482103
153979749
156116887
155804877
156673508
153979748
21354879
14671681
155764048
407834
156052354
156052041
430088
153322858
20817976
156052040
40457865
157897414
14671691
425038
123648631
101109533
123344969
102197484
101941485
101966603
123371993
141082201
118467758
11373583
123194938
132353612
142018705
132821259
102207366
10554110
132141232
123477613
137946126
123812498
132353597
14454444
142176598
13651722
123530567
11498166
132938517
10697514
123345373
140253580
137950564
139671769
123859297
123760508
123412003
102424137
137946214
140456452
140477968
102585785
143723699
101941486
13751575
14494874
117974343
137950562
102374734
137946164
123662101
123161103
137946166
141376831
132353595
13075678
144651203
123779982
101681326
101247758
142672073
126735330
123461772
102207367
123610762
131700914
140540629
132490223
101126040
132353604
139671772
102361825
101207066
132353599
132527365
101485349
101899113
144653525
123699045
71336748
71247353
66835250
58371377
70822810
58113175
58371411
71213659
69395227
67369277
58616309
57660922
57604578
68604997
59129996
67973396
69392068
70399135
59129994
58583868
59909522
69525110
58536905
59129997
57660923
69388810
69392906
57621908
67421158
68490787
67368734
59129995
67367641
69406891
67413590
67247083
68855392
59839703
69389591
67249253
69393533
59839700
57604577
59110829
59247778
69387312
59839689
88537200
66835408
58583883
59839695
59839701
9982947
9974561
98530324
98530311
98530310
98530308
9835339
9311
92950809
92950808
92533800
92526749
92297325
92248391
92230868
92201365
92167952
92162775
92154548
92153584
92152999
92152998
92152038
92152037
92149593
92149592
92149591
91805389
91802509
91802327
91612325
91587026
91526856
91507456
91501115
91490223
91489557
91475811
91430080
91253576
91232314
91198020
91145239
91079316
91044116
91042993
91009253
90978081
90919922
90733680
90698679
90692379
90690653
90441076
90351725
90245246
90245245
90242284
90242180
90241814
90241203
90070279
89965023
89887342
89887341
89887340
89887339
89887338
89887337
89887335
89887327
89887326
89887325
89887323
89887322
89887321
89887320
89887319
89887318
89887317
89887316
89887262
89887261
89887260
89887259
89887258
89887257
89887256
89887255
89887245
89884223
89884222
89884221
89884220
89884219
89884218
89884130
89884118
89884117
89884116
89884115
89884114
89871452
89512358
89512115
89501474
89441858
89351182
89164836
89159421
88765193
88738625
88714853
88599864
88520772
88469510
88363040
88235760
88170130
88102340
88096086
88057654
88049117
88049116
87935683
87935540
87935471
87935435
87935433
87896609
87895548
87894325
87877018
87832017
87812233
87811345
87811107
87810534
87809947
87809054
87808777
87807197
87806955
87744372
87615526
87534272
87534239
87534229
87534184
87526431
87522409
87508904
87508855
87508057
87507944
87495438
87495415
87495385
87494999
87493941
87493818
87493375
87493295
87493236
87492278
87491732
87480234
87479776
87447622
87446870
87444190
87424674
87392693
87374832
87320900
87194432
87134211
87129446
87127776
87098397
87089434
87089389
87075063
86704370
86190540
86182902
86108924
86078664
86078663
86064123
86041961
86022633
85828295
85828275
85702305
85605724
71410698
71362013
71343121
71318845
70399645
69397241
69393966
69392687
69391095
69390266
69388766
69388710
69387064
66835355
66835344
6426683
60060332
59562256
58782925
58766249
58611498
58598966
58536904
58536903
58536902
58445078
58224449
58133408
57001213
54298150
53898943
53644508
5202325
45039124
44612813
426296
3249325
28911
24842386
22438349
22158969
21712930
20566008
20563179
20562867
20431422
20289021
199322
19369148
19369143
19369141
19369139
193021
19104469
19068213
19020546
18999248
18996438
18696300
18317197
17974058
16958
163929048
163924949
163916820
163909300
163907352
163903292
163895239
163894279
16389
163889346
163869808
163860789
163854459
163837049
163825460
163802450
163798610
163798217
163781898
163780636
163768425
163765302
163757957
163744631
163740396
163737800
163736126
163736059
163724065
163710861
163703371
163700573
163686051
163683777
163648986
163644891
163641467
163623596
163609184
163598848
163591496
163566099
163557798
163508623
163506987
163501455
163481770
163469227
163456833
163456016
163447178
163445124
163437623
163426801
163425625
163425513
163424997
163421365
163417409
163416736
163343251
163266528
163213586
162517723
162497129
162497128
162271850
162079417
162077393
162005642
161974877
161950855
16188039
161670962
161625674
161625673
161625672
161625670
161245273
161169257
161094116
161055647
161018423
160891
160875116
160754103
160742676
160565761
160373269
160357545
160356132
160267966
159980391
159940630
159915860
159915859
159915858
159915857
159915855
159905463
159765795
15965666
159541958
159516223
159477997
159414620
15930855
159284588
159160365
158983882
158960417
158937017
158888830
158720752
158712268
158541112
158512687
157879346
157384815
154521967
153947721
149998432
143436476
123747500
123512732
122480849
101852463
123726706
132059744
45647
58602554
152381229
117785011
132005893
123208327
132005867
5744783
11209131
21299547
146910483
123367768
18377234
59838096
48503
54574573
152574429
89831126
21501863
70245424
21299578
87164071
132005858
146714515
123397313
21305792
57249171
150422346
101833710
154518448
419886
132114894
141477822
117785016
132005894
123729923
148489905
87947803
21869053
102298268
20674982
124611
87737480
68753161
148895135
68834272
147491249
147017811
89116829
45123525
3048282
19019100
134894159
796977
1579845
117785029
147783598
132005856
147996749
143613692
69236182
86252463
88324126
123587686
102220159
144037186
20674940
20068682
149508365
123880149
57181
148806482
123816343
152546181
117785212
123789017
12951707
3537453
91332026
90946509
54010389
117974246
89876240
87508594
407189
45649
150525018
149339748
5744779
88715456
87772284
87552940
153255613
101881920
88685415
117785027
148075979
149065286
123789474
148837594
117859484
138514133
149303619
91482161
3695823
410106
134551570
21233723
59932844
117785018
87508755
140966149
89107532
12127913
16059763
151441
2780373
20652486
148966049
143837758
25995
146767049
58300918
68720630
90903966
123729145
67229783
135395390
140270065
151075180
153934494
58722840
123225062
13330550
3029472
58029223
57009336
110191139
5235265
91540700
149305585
101819021
11187184
59099643
60075940
87685361
123819358
116319
54272638
147832792
147641597
23274212
146711002
58133432
52030
123744546
58734314
19826741
3026637
59017026
19834284
101819026
89832732
147023048
147788927
147794776
87811751
141741956
154509593
91357247
150407894
20494496
88850819
153030341
148178911
721259
21363186
23616831
147223788
66729756
70488229
59872470
123852255
9989306
149762647
89312548
58307592
147305593
53919734
145410202
91537451
129770289
123334605
153728967
132006010
153081935
57283857
153845540
149459078
46892
417983
59019146
123669510
137946202
153050259
117890785
140077313
10487193
149499068
57710690
132005834
123640051
20608206
87323687
407312
148098687
117785042
123670630
17401
123872032
152986792
153499903
57644638
142875872
90995366
24833603
19848195
154519166
87858559
123797721
59074119
57896287
67204801
20817979
721257
417970
57935471
139769363
147167412
149394557
123504799
117785045
123854193
101660141
90754137
85
22154339
140057713
123604742
138514132
12770375
91155612
123770342
87700803
132005850
3100226
13244159
91351915
144962838
121470799
134318845
117785026
59798517
152883766
10933547
153496917
89387168
69615932
20811028
946258
23395409
88964754
147047309
59362030
89107533
60059328
89425941
23116081
67465932
18430387
68724493
148883094
58005048
123986301
23091885
117785019
60508
150266398
144731639
458643
149998433
54433933
69191071
11383070
135297974
150377502
147415922
60366
91804593
142872654
89232637
140348320
59698496
87935428
68589323
23517151
147721304
70613096
117785021
416203
153184303
123281591
149439135
148181489
89777529
123391685
132005857
123443974
123847726
87532053
123889031
87616010
123507147
14092564
123343734
146931991
147566555
140785243
23116072
20650111
123503345
20828996
132005868
87508595
152887138
123650050
13328732
153496926
117785017
70223891
152553464
132005895
143014177
15941144
123852460
129156646
85831994
20303707
147010004
432430
123623132
13123889
22643759
123252957
66763389
117768320
132005861
20268949
148112902
135165413
45814
54477044
59582318
87223901
88726227
87737647
145638560
20273991
149185343
417922
123243670
58763
123342416
58800995
132005866
146940796
18977701
9955144
123702566
89458178
71223759
69234047
21300020
123956141
151005851
117785010
149587072
71074163
132005892
86824
19907385
147432369
89441856
58952833
149770749
89051460
123881252
58455734
123565502
22156060
140063914
22443856
14767688
5151798
914612
69231738
89831127
68950643
18710907
148432280
124175788
154410198
149651940
123461414
408397
14859590
13303745
48300
123628314
118100677
149274201
123153658
46894
148844806
118020792
123920996
151155409
10596353
151601738
141507249
58114227
117890783
121002315
139254730
90879209
6380090
58286690
153029051
154129367
123276957
101660140
130224624
59061257
117785044
144512319
87688227
19848193
57053984
21539
90355220
91577374
18336000
23438
153042100
67425825
152839398
152875271
123431535
68590095
132504890
70127220
3715430
88410157
117785043
4569293
67111955
118098459
153996450
146992479
67388276
150988209
152870956
123923387
71366278
139299497
154530045
68754920
147194619
123292119
151756311
87811750
88932146
25993
13796597
428331
59736987
69235309
33802
21977275
88821611
123425103
90179181
21502447
21364732
53962057
91595492
72574947
140850706
410366
91196823
22462949
58133434
90176592
123595540
117776072
12545362
89066280
91414765
58029222
145410232
148360284
87507922
147505054
147370736
23116021
148393841
54560110
1955825
152433
154509595
59019176
88445955
118112384
123718603
123785816
20411
153250596
140057724
20817971
123944244
90705756
148668358
153148774
20697713
44415237
87213396
118944964
54229793
140966775
147743181
89399006
154547784
153728968
60335
2775391
3048199
37520
91281750
58070566
45756
11108915
23088845
132005976
89986497
89780635
10616533
2832227
149131103
140270116
140029828
58070559
10454280
89162412
19848216
152522977
123876729
89275228
23387021
149595008
129763942
123477263
124159062
3263014
112265
20509078
118453570
22415969
145661410
130191162
153953875
101806182
101582737
132120982
17814186
149871552
3026743
20771803
140850680
59146682
121381131
124089705
10689223
23144970
148971929
71320516
71341521
57008390
68622737
71403123
67646552
148583807
437851
146647448
91149353
88636447
152934021
123680336
23186895
117972062
53780592
90973196
147283397
147750879
147796967
19848218
145661426
123890830
144959538
20648035
149125532
153059095
151035349
430073
78873
69235286
21844862
88719187
153250045
19907439
146589948
90427767
19848227
80661
147976089
146970821
89986499
414649
153178069
69236058
140850689
18008652
90215504
19591851
129299387
141949317
21333912
12398280
3026786
124024571
54057593
54521803
121470817
25069002
129714687
148642577
148973687
87322083
152930649
423651
147944517
3051244
5186619
102521518
132005940
148038639
21119176
68590742
148169780
147849177
6435524
59925788
101938395
40823
117972053
20706351
66652664
21079916
118655720
46912
91526665
87916180
3026389
123938241
66856103
53915811
140063892
68590140
147786163
91447310
46946
409151
147342710
87559610
151185933
114594
153210369
90713378
57695014
150738317
56998642
117972038
22895065
89274505
69340300
59019059
421394
12014795
117684794
91603102
141109009
149844086
22044338
70984824
132005914
68587900
423261
59105128
57158736
149234060
149266047
22044300
149242484
88798197
71127892
59019095
139843968
85844270
123502571
123985291
140063895
409390
54250441
57039441
153016933
132005913
19907452
123263108
21354271
13750794
142658912
421393
154447715
69615871
91181970
131972498
56607347
89274502
91607135
20741635
24833385
88707642
123890435
58609035
152218632
46977
148376234
88980837
21299608
407658
123735862
123329299
56998826
153913362
22959354
153570051
123640524
43062
91807290
66729671
46948
88188865
132005925
23517
3030686
59019068
20341254
122204169
101731125
3026387
59704160
12634
146870556
148828266
59019050
134181825
3094112
23278365
48674
68754696
149527661
131972496
11971984
90693705
24833520
148330614
141109000
88338264
5964
91113976
11971970
118020676
53905619
21150120
21683169
147288517
58609032
22954017
134716404
140663339
68587909
23273779
54529466
147947136
89364071
87916189
126703172
66838723
12951673
132005922
69235673
149294534
85240577
124033134
3466832
56785
19838338
124008947
153224136
129860720
147632313
129801373
91804227
59092915
141025546
148419747
53653211
141917968
89933870
66838740
53745034
57445158
91363932
90919789
60270
87333938
147951202
69235280
23273528
14108
86102670
66652665
147547734
123157529
22044352
87507893
416588
147259871
20065287
123693147
90872759
21333914
148657853
123954964
89229500
15492189
51950
149148761
140041199
121470811
21502502
90126353
21844863
146762447
53944286
3026780
121595461
140270119
69236066
430072
145661427
custom2
10754630
21519982
23024543
58325744
149206755
59019034
21333913
58070569
148992176
124024910
418415
146851817
87507894
20730097
118401309
123191266
132005979
149499317
147972428
53884774
46914
68810558
3082228
57279056
146880729
21458892
132005984
18335995
148751446
59672201
140022293
58300852
101806183
88537326
152879390
57161072
89780633
146778749
17814187
3026742
21333925
101692540
150776162
21344279
21438346
22889495
11268678
23273519
54011719
58300899
23387027
123528883
152325461
54135056
132005977
406979
70520519
146775051
123871532
85831876
150059732
88255572
12159479
123703551
152990586
202012
91158688
123156062
150663956
87808736
59002472
140041190
148910772
91228988
3050731
101698426
13726126
123340257
150886966
5708583
123299227
89231965
118020623
123809417
88239433
148207521
132005948
915625
123786387
123526546
87723163
45768
117972064
68590547
19375374
199517
5708577
89726604
148444311
123365144
22044330
123225712
152608830
123637817
58371405
143837840
123510242
46971
58609033
149283549
140648323
3094113
23278364
117972030
12575424
59019051
148300622
152371944
69306179
18921208
123372335
123730718
21581079
122219240
150506324
132005923
18615673
5121939
154612822
20664895
66729677
154691958
149058870
149012094
5753684
123960330
40271
148954456
149118870
123183507
140270144
117972037
91080580
138753425
69075665
13552196
87935590
11237326
141109006
22044337
70142309
87333996
9794401
11278647
57828509
147396754
18955183
147093807
153146950
144731918
3528502
147166281
425704
89683190
141072620
132005924
130263001
149001828
11055254
101539026
12951681
123187950
123276089
147254996
21326202
148505808
149323998
87916186
21120869
152887419
149509338
46940
12157915
138634655
3125820
57872311
149507867
123701051
45958
66838713
211004
45732
147454833
89274503
68250371
132005912
123775918
3026720
148400639
102116306
123727567
21354270
19842545
68311859
85802463
123560567
23622122
54311939
57695015
147517474
5260177
146710837
123718376
11301151
45960
57033519
139671767
71055969
88980838
148034293
23088826
142079338
85918040
132005915
89274504
149508642
407001
147305479
54015125
421395
153346490
18625024
138708111
123810593
123485304
123511189
24835863
11041475
139843973
153990007
36675
148106691
151202244
146972153
123862357
54495094
141049688
87322232
69615855
148625250
69233565
18937510
147637889
21443693
153180298
87856365
132005908
12951659
15004935
21333708
153165594
421388
122599111
20670476
154000463
91594813
139843980
101131601
123822010
123580531
149489138
148365897
6454138
150533818
59519
425710
85881355
148171730
20648042
50460
59019089
149054030
59798483
57903480
12157908
123770646
148107112
152929142
121375964
132005930
59775572
21354404
123431292
132005791
21354299
48666
87548580
21276619
88759881
10735018
135024656
117974320
123922539
70520939
122205859
149313528
12951657
123319074
88990427
146798317
414637
57190906
147917808
152990193
91557815
23088835
89576067
85960149
153346477
90950731
146735394
4130331
135298899
149046395
152790032
5248503
91139850
59817117
148891063
59110843
123262460
45719
140063880
76327356
68592053
59002058
101404661
91112880
134931959
60060330
148697235
154517901
132005939
58551372
22960468
101404659
117996899
123697934
70578240
70124757
153214387
140029894
23088832
148022124
22411327
123926507
24833158
68589275
89274510
154417245
153261112
48668
11299195
59019087
19994135
409144
102161876
123266665
21772334
143885207
71371566
101439718
54272703
123550544
54567654
123672851
12981486
153951153
87640337
131879947
116282
57159490
153986769
149355351
88349042
148087167
54122008
68590101
147493887
58527167
19774844
86055243
15879367
101766269
123326864
53930784
59881518
143098171
67204500
101792870
22364751
150954389
46938
413687
123338734
59898263
152728702
153667871
54398962
69233507
149575864
54016384
23331
13778984
153949731
141494716
21466
147255499
54044995
87935512
147949487
3082007
74766308
202008
19995424
144261331
67206439
149457626
100948703
142048251
22044341
86042451
148638919
46900
406963
149586863
148080148
89290967
111259
21502516
12347299
20730048
13912051
123714395
20336371
118603970
140029833
59356936
149450058
68776119
22323091
87346382
145751320
20096294
102135139
91546562
14157078
102091145
20492435
122519823
123315610
46936
142980165
44146321
149228448
117670707
154528782
67041605
86150216
88648479
115436
132005990
152257120
123759962
53942705
58776206
414655
20336347
10158970
12938837
123582656
123319640
14619872
85831865
68589680
69235251
141108997
153986767
149285632
90991830
21977315
144465401
24833595
123787625
147532577
91806935
70467525
21119358
140270103
89989401
11009533
377588
3026751
148970677
123259481
68587977
141740320
152917874
150744078
150473245
11234379
47014
152720559
130380963
123587747
21024991
101720647
148519425
59925794
68434741
149341951
10496313
3607374
53820869
123514860
138708104
59211389
154508118
421374
22960469
117768241
132005900
68349932
87333946
23446379
87916194
141006924
90087240
151737017
140063886
5474095
149539913
117974310
149211562
130030422
154518341
153146183
149660709
152897699
25157432
142657982
150356977
132005907
123630027
146241952
123429057
148140272
121595420
123929549
123292022
22886653
68454802
126741329
22044314
121308960
87858499
101404660
148411553
5165438
22964495
59019081
141182590
145678322
132005938
12951669
141778777
123237663
134894668
154026191
149334106
148701528
53657258
71371560
85974926
129653043
123845741
102116325
151684214
91608997
132005931
147860023
23520473
90716274
59000363
152851917
88294891
66838730
140063888
129795679
146646949
19037197
425711
150744471
151691993
68590191
148553464
19800388
53692501
148255316
21977347
90934288
22889878
117758876
68590501
90215572
148201200
139890916
132005790
87935571
149322603
59814904
91280890
90917032
123591021
87508269
142599811
12951667
1627183
124005026
123653776
58725355
89576057
147157376
45988
21299624
136020900
117670558
58357314
59643967
60173033
59019044
87576887
152853012
122599110
421389
123451143
87448400
88944497
89162452
19907448
139302904
22044325
5473424
132005909
68590196
19842906
54261581
914584
91807678
147030993
148434685
134890259
153099266
89773083
147532320
152998351
149698383
139335725
149062190
123225798
71371708
146020405
2775385
53877106
132005996
9572800
53675536
22408867
2780429
132005962
88342032
130263047
16471
148530368
17775515
132533110
148955367
10806284
88246342
87321624
12902164
140022275
413688
68776111
123779593
89773084
147304722
24833593
123373067
101698853
148979353
148869047
90090292
20238533
154173613
91399053
102575414
122519822
67518979
153986766
830891
9573579
13955567
46908
3026757
146955949
10563138
89196072
146753581
59019028
58776207
60139087
132005991
117972049
23144964
123756573
58070575
137506818
58114977
21149840
147538841
90255462
153849810
4167058
117972040
151539621
54139674
419526
67395656
15496963
89503896
67275902
144740766
4490120
132005953
70520965
3834296
57626
123449320
123493695
21019473
20730049
193036
89267531
89290966
141906696
153244809
148202880
152958370
57781526
147198728
100957719
59019026
89760456
147960339
58527166
3026759
12065319
69822524
123574126
153986768
100948705
115406
148306132
69987025
149018981
45774
147636938
149561459
126627673
216869
132159395
47023
145587331
152883696
117682047
18737284
86051569
132005826
22508851
123730080
147470954
154015259
417502
71375816
145811133
146853411
59917979
58014173
147295703
118644995
151374095
140270079
90441289
150189900
69277704
54313553
147196506
58575691
85641306
102089830
21152317
54093045
54394419
13330573
135395347
57324210
152611818
151308346
46880
13513450
87507900
20730103
88273318
153455956
10519299
141949276
124835306
23413
46084
152429
146904031
57675536
88985442
148509157
17994831
147867772
141156436
19993801
19419376
16532
11773440
148513895
132005821
24835975
123273051
415897
141695070
21814213
91343664
87935653
71074329
148224601
123283881
118467840
87060949
149220136
89449416
21707849
144317182
305
85694291
146795941
60326
68196345
20336234
148627427
143920280
15657084
147468360
151733759
58660150
54356995
123971382
123282166
89928552
4643501
58371358
89835192
153785933
122399532
123678441
124180001
71330424
123500110
123217146
153926527
123234566
121361216
153947722
139904423
153971624
132005828
154509572
88155862
91155652
140057730
148949478
123463508
147553854
89876239
19834291
21365297
416244
87324486
146706054
123528326
3855316
87858545
53672037
102502068
87508941
21502454
44357621
57545144
5281924
89296573
140270084
146680181
20674939
89586156
91227434
21409939
20703125
91104209
58772987
149128183
88616313
22996837
123919690
147417255
129181032
117751482
145805398
68590878
152153212
59957258
87916216
20652493
123196717
90977852
101909146
147226879
87824094
146729642
68766632
23116061
148191095
140029770
140681120
149289928
87935404
150634701
18185862
123524779
54150196
409668
134090140
140063909
148793038
123606406
23551591
88157937
147007634
149294694
123186318
145661387
54494663
23311584
54058289
123774702
70539197
69234065
20268953
58625731
59019131
144331280
24833217
123433684
142839775
71360764
410789
91459719
69234861
23070306
20262499
89274499
123317252
18677367
153643598
23116059
22597149
117785035
101367638
134558629
23393389
87339158
123765213
53669874
117785207
151286639
129076775
91526933
14022617
46012
123908548
2042433
147051624
101924054
148522315
21271921
70491942
53749998
129121955
416810
140046886
5476485
145661389
123289527
18377226
54613448
147057982
123986586
148687782
148683574
23278490
458659
132005881
57147441
152793502
87334027
142867162
154550584
152575522
148155626
151837946
3728956
129105753
66838680
24842873
132005875
124162111
85985194
14022621
148874247
123810063
85717237
102356276
123441261
148354665
88444039
101367636
54270771
20027757
59019100
151146095
21721346
153954196
58658350
150327866
21650257
118141451
59355200
89274497
151158356
132005872
1620672
22093232
91501378
58261029
147709913
87858527
57925490
12951723
13110426
132005886
146997528
148106327
149358151
53959238
149137703
44422692
21365296
20802826
123977087
14615530
421291
148974735
129641694
59653225
57651303
123942394
149182586
87664220
24833413
28490
148608051
90346879
89726908
123869004
143248910
154509580
117751483
15564620
86242689
21127525
154509574
123182342
19979782
123883740
132594511
60059351
132005816
123518317
70525
20494449
153683186
13652286
140580878
69235323
68588412
140022301
149131097
123319500
141876522
136244060
89834628
146259246
20593148
905945
21365291
68589150
144731640
3033302
149588278
19774336
13086198
21133546
57429388
153926526
123348369
91456394
90225462
150865434
132005829
59019164
11985434
91033739
144261275
147039700
92529018
91046900
130224855
20663372
140057700
100990458
123715597
69437717
148102928
67247144
44330525
123916075
91402871
88793641
68588888
20495559
14157103
54089720
21114997
132991257
148483215
117821386
21458909
59362040
123553214
141410355
123136827
143837729
146868655
90215497
49819957
19978661
23274208
57896294
69062174
148065399
102502067
87802700
152860326
149080154
3049310
87333866
17875817
68589159
21365298
123577247
148569272
20816048
146768478
5249160
57277853
69232761
44718988
20480844
58794208
123199155
132005827
118507026
20674931
152226656
11737352
18368633
417503
88980599
54093282
21116092
20725286
142107996
60329
152898702
18362336
21418888
90215490
45089014
100937911
132005818
123853967
4252680
11372101
54255437
101367637
123147219
123964895
45806
147069015
147768126
24833471
149151914
408580
102468599
21501877
152912415
87916221
11096750
15584890
145735911
21333819
67205164
57788781
53696814
91278196
132005887
123283818
91591270
66838672
132005873
153687771
123294067
66669515
150517762
20262496
149239620
23620142
117974432
20164312
66838820
18714589
147275180
19180
21596704
123600960
145661388
141250770
71407224
129121954
25127093
23358580
424772
141382747
130351571
10391265
44144901
19885843
12951725
132005880
69234603
123625472
123888306
147718269
123834667
147605662
11817345
58261026
15850158
90220520
12654279
140029782
121286964
68942732
123305796
147467184
58067876
73804857
957797
132005889
73201476
123563625
123562393
152940058
44330311
88751993
21149704
150892206
88411006
132005842
153226134
123483186
152331702
123970661
18689446
17175136
151471562
45808
17221
123827074
40310
19962736
123758398
126641745
145661381
117785034
89987485
57195
123734682
25210061
91504266
154562811
59943659
153103600
123282937
87509031
13123892
91402473
87805927
943955
58625730
123711394
149500329
153008507
73833087
22768270
144037195
53848608
59498
132005845
153850028
3018178
3026677
141289263
90933169
101819025
69284347
123609434
154152858
147157870
87935441
153499931
23261159
148092185
88195609
88636153
10683000
25991
10377194
419474
428333
149522230
21363185
54094876
123480740
89164833
13303749
91250910
140057721
54153564
23274216
58029218
86222327
21502445
68589147
13513448
126735365
46898
144851137
143429053
21333853
87492071
148887650
153867246
66811180
152889007
123307071
148877648
132165066
132005839
58300785
147323063
3048210
140057719
101819022
58029220
149534194
15606298
87507775
69500697
57267228
87639431
149055676
123880119
153837509
137423386
37450
148527419
150718292
140057726
123867142
89164834
154547918
146914614
87060951
408992
13513446
71074338
46896
89308446
87333876
91110629
150060152
139730556
1387038
149038071
123769654
149166379
150196935
14859592
88686695
10854137
90954061
149602040
12756247
117785046
58132145
148933671
129720360
132005830
10822143
18764443
21502480
142696984
140057710
20833582
152412973
132005808
132504892
153837507
57896277
90679392
154545689
9022
147883185
123316300
53740292
140057717
140979568
118410563
147665730
123392636
149100537
118656489
123196931
141130064
132005837
141218077
117974218
129235997
91214058
149499857
88273336
87407094
54498419
138708093
154537652
60081132
17690
124162107
87809704
132005863
69398095
24842865
100962354
148063644
117785015
134986714
11394497
123709729
147500926
23116079
123960426
20674981
121348511
145540468
410796
146650526
123690270
58273394
149291904
140063911
89964060
103454
123258834
153075176
148104891
118041532
102039775
123456233
141896386
147755880
18377230
141250767
69229194
410791
88457097
87858531
123350579
117785012
123519243
132005890
123311975
13357408
12951735
22385960
132005864
147107554
46035
419882
10662792
123408627
89964058
68590202
85968883
23507599
3048286
54266868
54099965
57067926
123787174
123342245
140063916
122621158
68747565
23461893
123510137
87913112
148663520
15242985
117785024
59078128
416808
101005888
56601
139359901
45818
87858507
147540891
147967441
146817715
3030361
17175126
123537976
54295062
90920512
20062946
19695158
66669534
141455388
19424620
89081883
57126836
57183674
87619861
140063920
12889458
147629445
69235956
87810071
13048432
13123885
143885192
152248831
87433653
134411110
149050191
148038946
88436065
123388934
148253972
90206802
3048288
59903704
59798512
154305251
88691011
90707898
91572833
148048232
150024075
123222025
85977092
147949574
58311496
11178170
123271124
148291897
91490833
13357406
20976402
66838801
149189916
11431665
87745637
12965358
57925488
45820
12411596
78203536
147421375
20652627
12921279
152804211
86249080
111554
153113627
46890
66652712
3026409
132005809
71223352
123452256
6373404
154547917
85808846
148977538
75599230
90693281
87136235
72367065
87747558
152911448
140270069
58132143
123438226
21502472
68980465
60307
66601846
2859458
148975406
123749864
123352886
153280987
132005836
3769941
12461840
58164950
154518042
150541996
58029217
71401734
20485375
8754
129175209
154518614
88568336
54214879
58783050
153054253
13879586
152628189
88981039
87333877
123339923
150767363
19855628
141311248
154538822
20563183
71403860
58286693
123891894
138481802
14042310
18412841
87507928
68589513
88992849
66811188
123379867
145549912
88964703
132005838
17936817
12648809
58029221
71108191
153580702
148231557
19108355
87507921
25997
24858108
21333852
141032824
408732
123203764
89726310
148003355
146782912
23274210
147402931
123480322
130233236
3026407
19812744
23451454
148798493
89777579
3026635
123437409
123880118
153837508
70905170
21502443
20432033
153255013
154597192
48332
154509591
147070379
22389
12260450
950352
153065989
154381958
408197
57286176
151795325
3242824
148268968
68303674
141219730
149249988
9989304
22924873
101820969
102089829
12856634
90215488
146919569
4295002
147222658
58029219
24833469
19359290
67003779
87858501
121348526
18377238
117785022
59019119
6204
147104127
90020666
59687489
15584888
45680
89116822
54440638
149487556
54525786
123887735
68186399
91574590
146893641
17208
88225719
87111475
87916206
58261030
4168117
152162545
123209497
123871416
90967482
69395588
46002
45687
6152674
132005853
54128639
20691447
69615931
141013794
129669048
123904153
14324719
123903144
21299587
24836781
124162108
49820264
123943835
148412282
153012888
70537819
87508333
19424621
117996900
132005898
148995622
148718135
141346586
148056551
419883
151282845
68588839
153094217
123565368
422494
138708095
149405709
151501572
89458349
87916208
110185566
146943574
20674987
59002104
3024590
60354
45645
123575758
117785013
54472169
147534329
132005891
117071481
58374031
8156
86101317
147465600
91262041
146938644
4301477
48501
45810
87508137
149288483
24833655
117785014
151658161
89425184
141291462
12951733
146938218
20674980
54296411
129156645
57122035
100962355
23273606
132005862
123991519
46033
147777570
137950567
58625728
141949232
21150094
18981277
87508302
149631459
152881800
45689
123879023
87737482
143436477
88219777
23278487
123793064
77853
22044303
59800189
57695010
59019096
12769743
70906843
56982317
36209
153683883
147373605
147175803
87134212
5404134
24833176
149447254
118952324
17888876
71330523
68590144
102257
22151591
87127408
151472417
140029885
21354272
152983330
18341880
123568502
69615886
152843299
5316883
148229222
211006
89274501
45730
45962
147891104
87916183
101731128
90964986
139671765
68446947
89935326
53759630
12951679
67543069
58942788
101336105
122697242
3048557
88630174
69761085
149540938
22058
147571664
147421092
73895111
22044304
117953141
77068
89274506
19369122
152389134
123393254
110190556
9559
138708113
129849208
57872314
149877253
148036390
57494437
102116303
57370698
123749945
58609038
123384025
117785195
150479995
145672637
57181050
54027488
12575426
59502137
147099963
153687882
148543878
149344257
89912364
57094252
54574607
24399
91381478
147847078
3048561
123433376
148805189
58609031
46973
71403517
69615843
88779838
57050616
57273965
90735012
102435239
24833178
123184718
15068608
123720315
3030676
54142360
132005921
18716516
72491415
139678043
59012828
3026377
19035240
20664897
141234393
68242821
23031653
48684
123487825
123914871
150006090
87333960
146779262
148994685
87935566
4012568
117972035
54062282
146977602
15921320
57111353
87916179
123136546
123832052
117974309
21326200
11163646
56992178
12951677
3604
139843996
91057525
134915129
149543911
148478115
21255076
3026740
21337114
69968463
58764513
23621995
132005972
149651493
71340609
148228392
153686756
152982422
132005986
139156598
57019824
69648043
20748340
5473699
21333918
149200650
123162897
91335929
53780101
15082312
147450094
59364675
67898175
153711705
148313432
23329
45117266
134932136
67764125
12298565
123262626
149223248
9984338
130217125
21502531
90715217
49793441
5477468
147965655
117972059
91605604
132005981
60065890
147844034
59925776
429508
1603193
20537125
87508488
46918
140441994
87560156
54280497
153997436
149828152
69615828
12926923
88868798
21333920
148661539
152975627
22761808
20648038
5708581
57187551
153083981
56601479
54478588
10519568
123820506
124016682
101071818
59866555
69222463
101667442
147333529
89087430
91163051
90874655
143920320
417231
14174216
90215500
153845053
24901
22944446
21333916
91805932
87024
153065492
14324094
57258749
60083548
91362227
57090200
118655723
91260092
117931595
3769661
20608382
3026776
57105355
123679639
22005932
146722537
23082571
69473167
132005944
20648036
123996870
430070
102446930
19834593
123769975
59944126
10584384
123358096
131977149
69615826
154546716
121470813
21844861
20608376
3026782
19351589
47033
4392675
154516402
121595463
91395680
123932142
150611579
70987898
149676628
86042447
123386974
2301643
150744636
142980145
149551025
148202060
21116337
147516355
54275107
59019036
21333911
90215507
149156008
121452111
132353578
153939639
59097092
71324570
22023000
151292706
154386292
146880573
117972034
152122120
89274509
38196
132005918
46975
58609037
153847794
149250511
7695688
89111
23182460
123827747
122699323
23588194
59704162
123198725
123802064
59972615
21299635
4495042
54561916
88188867
54408692
12446313
140567586
123187701
138593553
57695020
73829675
19848240
53786096
148560233
153946191
123425020
140253104
102095555
153117391
102218078
117972033
152330779
48676
53637994
87248571
18347182
13153846
149423345
15182000
40888
132005920
57271891
151988843
21452154
149487610
10704126
21299632
148950465
123802063
69615842
14913725
425364
12951671
146954016
140063899
12769745
19887681
132005929
54251334
147920209
20376278
101184456
147926936
123303999
425709
153469230
140063890
66838728
147790838
15796909
90869722
3609668
102116302
123950100
138553581
201602
21299604
24833389
68265254
123626153
59381310
149536986
123141272
123899540
66838717
148368792
425352
87507665
89274507
135121841
20262507
102142026
129147643
421396
56577
84607
129126228
140063897
87916185
5408992
69235029
20664898
140611940
45990
19887686
152914479
91802510
123196689
4962591
85967981
89274500
124021052
148281342
144851215
3084976
123803722
4115637
132005911
149481380
91063185
102116305
21354273
90239561
9855929
122657664
89473040
13778994
123447856
123355916
150365783
132005945
57831683
87427171
101184862
20608383
23088876
3943630
custom1
146730497
44721198
20648037
416781
123702677
430071
123456771
406980
153905869
12779742
18163
90215506
23273980
15082325
141108989
147579669
67240835
91450554
123624668
151640072
118655725
129202836
145661423
67575337
87407327
147466169
91005592
4305907
23088871
140074084
132005942
126550388
149077234
3026784
3834617
90762716
142980188
89878205
121470815
101667443
46583
90176615
85859303
21720506
118655722
87386376
148790784
21977334
44725732
89132190
152454845
117619749
15082322
123506510
135225
20306993
91197047
87508010
59440055
117972051
123245034
85641296
118213594
121002637
132005974
23621993
52141
18702527
145661415
148478321
140022297
123307558
152948793
122439
21412072
45754
69236054
132005980
57642018
101672950
123987131
91128361
110191048
134978578
20648039
18446475
123684555
46926
148567426
146908134
117972067
123485982
12137862
134915144
21333921
54304670
145410184
123311630
88868799
3735171
69233521
132005987
148077166
147336259
87639312
101199175
17849749
2775394
123879569
101806180
123952858
58764512
88526633
70440
23088840
20686716
20646150
5708573
68086338
147098689
10686858
21502508
129693223
140057698
123438952
123247752
117972060
71196082
87951082
19377285
22325976
91187446
147123883
151315900
5473653
117972042
57723178
87837596
133683108
122370773
153844193
153173235
90318971
88900774
17803778
91163840
123884425
406960
123695630
21458878
123891593
146650887
68455171
69615833
87699800
123569657
58152797
58300873
150147338
19814723
4456
129712337
70582190
147818159
150200272
13549594
91287222
150655882
126581656
36690917
143452650
132005969
90191665
53692566
89384412
123227030
115404
148908303
147964905
118453568
123748677
10330704
19880246
9573581
23136746
59019024
123341506
153684826
46751
149797883
53755621
10923415
123763005
66724579
123674908
149476758
56361
117802885
422761
58300874
46597
140172671
26640
16106475
14535609
154546704
16028
91592975
71430310
146692362
154627385
58300889
19773892
86051622
151494373
19376344
147047837
12298583
5256838
22061662
149036619
153686549
151967004
59019012
87508456
66835425
147342790
20730045
66838795
154540869
15711694
23088853
124022236
57494440
68790264
123834773
19833302
132005994
153152970
58302943
124002093
3122280
146808851
101698851
19849321
122243
150654191
89726426
90717935
408838
123811068
123900068
23031276
146919055
132005958
89773086
148728660
10591478
149310307
12653945
91187204
21658746
54076061
132005993
59643909
68590568
21299681
88514147
140022284
90176630
87534260
153829552
21299675
90999434
151335510
153570013
153085431
153986764
87521574
149136337
123342379
3026755
23273531
23088854
3048518
9965026
130232640
3030690
66729693
408639
3078749
123668956
148454990
23283925
148579564
5085169
20776603
54400044
132005792
21791997
101470513
68589278
7880
87935587
147395931
88444178
101008057
70937529
22044320
153696318
102116318
68809099
90756793
123775330
153317683
147826401
132005934
57191678
102116320
20376265
148954819
14362259
20646128
87341551
20341245
12951665
4386205
123773033
148357951
118132223
90215583
48696
121423161
4342487
23553987
418003
23088838
58975915
817043
153291332
151866004
12659080
91235021
132005795
68590736
56758
13216687
102116316
123860263
44228328
67954008
90934426
132005902
117660994
141234388
12951653
66713955
89274513
123740471
139045079
22964803
91609075
129285903
418035
18472060
101404665
89806635
21116715
22593463
147009075
6023895
87644506
4006970
140063884
91445663
19357607
21720780
22964804
149064200
57872306
149767656
90295040
57210279
123171400
146790179
91286162
89274514
123781329
68420182
147830767
146722576
57821207
18472058
139894575
68825854
102214831
148218917
54554224
148301180
88176130
59008753
10940
149318108
101404662
87629901
91535005
88392011
46957
153663644
411983
89773087
46934
142980167
134817919
132005959
71375367
70224720
115434
69395220
33993
124023329
123232526
70139612
9725
49791934
101698850
18319178
141637934
428630
90941882
145798070
68589682
143165195
20730088
54013255
153986765
89169021
132268863
406968
132005966
15711692
86128567
123766547
76309204
21324517
58373926
123533886
433081
53953447
67182742
132005992
153667842
129675374
70144245
147901555
12938835
123971663
123274902
21129355
13539244
102201326
120176
140270101
153032111
90690795
90124078
148841843
145077891
915091
123633059
20730044
102266644
89228062
91381438
87935383
5256839
54320252
22005928
10956816
150667984
19849318
148327419
20748353
91077501
68587981
132005995
70800086
15788275
87114469
417021
23088852
68536105
135367928
132005961
152891154
71406228
4118964
21299673
56608987
153570015
3104920
87696871
147401879
20644247
87930257
147995006
51946
150136998
146996514
57781989
23453862
21324519
123213452
85667587
54016943
148224783
147739002
150353238
148777168
58114973
150454498
89132185
192917
59365544
12684317
69861224
100948706
146978436
21466786
91204950
123800115
66838756
3380577
89887240
142723541
90702044
132558870
90853251
46562
23088864
153523780
18737287
58734848
124189007
13549592
59782522
10555206
115402
58946539
123589241
152492723
67303699
59146668
58609040
3610358
406961
69236873
132965592
58527162
91410265
129813208
12842156
67555174
23620865
5256837
90934474
68186400
44719323
149360078
139085236
21977319
118564067
91015144
87321616
67304013
411777
147619917
57290371
46591
53703254
147126525
87508801
53636451
154544431
68590309
140029831
47027
23088837
132005904
22622
150434347
117785186
102214830
17372798
147855553
69615866
158452
57872307
20748336
153267684
12951655
19369131
66838705
139671749
22959944
101404663
54201200
140034947
89573528
123389524
140063876
144289374
59019082
59110841
144091480
66838702
89192672
152228278
21333703
147319454
149543108
138708107
3022533
17849739
10736201
123847818
146988021
102116317
87509148
148073314
149447882
5476538
18512459
140987343
12781743
71371564
68592056
153024224
422961
123332293
149217662
123726239
81393
59019085
91273293
12059918
59988922
123860853
22954036
409146
22969980
88652184
152369153
22959943
101404664
140034940
87865725
21772336
66729695
148782699
10615133
54416118
69236015
59019078
153099458
132005935
140063878
123313589
141041413
10888442
11211601
60173030
89088055
69615868
57019060
132005794
57872309
90215582
69406946
53683477
14710219
148164822
123425035
18518956
141336763
141142579
153808648
151545309
20648040
149757232
148856434
50462
31203
90095318
12951663
89297548
59605775
68313382
5257973
211024
146870317
10236976
53937156
123473228
123387027
144617744
150426016
141648899
70937528
17139500
87383674
140942079
151146
60107370
102116319
87576279
6339148
70581923
123611168
132005793
138708109
123320303
54501011
147299481
22889423
817045
59760855
12659086
123867881
123936799
3511725
71148898
23091895
19887723
148415040
123467765
89034819
58261024
4226766
154120253
149554453
159857
148088698
90996332
89277482
123750593
53930457
59467920
117785204
54015414
117785036
21291993
58408584
146969008
149472028
91614485
87534181
138514122
152813011
147758919
24182549
123601049
58301040
59941568
89107372
58745
142331501
87508327
150730224
15914
87151726
60041334
123422998
24836761
89116831
147764526
87084534
123586577
44470617
149642979
58132132
117785031
59992739
142330088
148589098
101178917
57629089
123396444
59961998
10397703
15610145
134915048
56622968
70124872
89116838
123438098
148764801
424922
139048088
151524874
141455394
152329395
20665486
70285845
122502542
141270716
148333304
153954195
23555799
132005871
11378660
53788634
89343390
435053
46020
91166623
152264687
4226768
123654070
1620671
22093231
21718496
59903720
21542
123558202
39870632
12756662
21502435
149585732
87616009
53755396
139809217
91528053
2681
21718234
45651
3048294
139668943
123273006
45803
121298290
87935604
73346203
88896719
150735767
3018180
23358582
123602299
141285881
132005849
21044196
147955108
53895352
129175418
12951727
21718233
17747705
149226853
132005882
54053461
123678249
59187812
141382745
86003946
70607215
134914963
58623400
20262493
66724459
147522099
147749059
22895153
149022156
22149651
69615940
152410858
140057702
66652739
123136026
132005822
123310029
13330548
4224408
88912104
153045564
146997123
57552763
153837512
91465512
145463520
46884
68248281
141731833
146471918
85711732
123234305
141229528
88517826
6434938
148707158
101497459
149476283
134
147944016
5834657
43506
58300799
58741531
24835971
132005825
140979922
59741652
3296412
52010
70962266
68588421
21502461
148319252
12545388
154691634
117751488
22895154
58301022
122366796
133
80155
417368
24833285
60134613
101895557
90797740
144205155
87935465
56649
17776678
147754128
57552764
52026
46614
123615422
21354371
20686676
123689120
59653227
58716052
118041119
147704007
151406237
153068818
129190940
21365294
85829773
123800435
148373489
146680182
154509576
139730575
22487000
123200591
141234404
28492
22981883
147237160
152733657
18979417
147485098
2337282
148761981
154509582
46089
24833429
153179681
5255954
21365293
130300723
59019159
19887748
11162494
14548575
132005814
59653220
54052373
57654446
123972352
70168935
148480662
123419517
140057734
20552285
148730185
69393852
54110424
140022303
19848179
154548989
154509585
21814226
140411918
24833624
21838488
53714996
123579779
147139670
153926524
21354349
16207065
148758464
57048141
118041121
58529148
117447
140063905
123303666
58152810
6434151
148310722
138612696
86175270
118020723
70265033
127621
70266642
54457667
151384487
24833475
23400843
5476487
121298291
68587094
123408895
141706277
139572064
53999615
138514115
20595018
6014795
85985196
46026
14022623
153245453
123931432
132005883
21718232
10659508
21536050
148467468
57276119
45657
58014122
70556009
147620714
414110
1414349
153076142
101367634
87935430
148186640
88716691
140211671
148578966
121339798
58261014
23622047
6083223
148001678
57788782
102304896
148451931
123385064
443214
60075935
3669875
87215829
148084866
132005870
91383625
89213567
141382743
12293420
123950066
87473369
91322406
123261197
147582960
132005879
412679
153147741
58261022
18430391
90977850
43810779
12951717
117785030
4120473
90878169
148700584
142867999
118041528
58164918
21299566
147689762
123699783
91484281
57574458
129076770
132005846
149038000
89051447
85573882
146980331
3048257
58743
4226767
3030729
153068881
152661106
71343346
148070088
167765
14113823
20160919
14419835
55255554
148237044
152842473
89088121
130339607
59839506
152910384
123256144
123368150
132005841
46010
123537159
57070385
152806358
20268956
419639
88273340
145661382
88765963
123955387
153609314
91268752
149328276
425037
153996272
117785205
132005815
153247530
149225219
124175790
51497
60123835
10560853
148378255
19093149
116309
12347588
154217652
87256919
21365292
15657086
3048203
152878916
10492807
123434403
153947720
59180633
91329049
10597299
154509570
90225461
138495287
39182
54478844
153407942
68589508
21145
68589154
21365295
146471917
13198120
53835495
17771031
153927863
14548573
15202843
58013150
126691138
140057732
149045636
135390854
69232102
132005812
721249
46043
148139390
21502469
123729704
89173636
148173946
20435832
153018709
147877940
87256921
91388056
154509583
48320
69669891
87935694
87816590
59896281
147038622
15373158
69615946
86155885
20561635
59019169
117751489
21152118
132005824
147615030
59741653
123874113
87299517
123702716
146767291
149590417
124094927
101497460
46882
102053789
89726333
142205087
122498432
153984987
18979420
149567285
68196349
17776679
101412414
58545234
90042639
20461778
148812807
142927930
57060529
87858582
147976784
150732984
421401
123208363
123686964
67148120
66652738
123146350
147382253
102145560
134639
23116039
21502467
11174390
89678231
147818689
123810697
124023061
3861110
147014620
44528
59653228
21330851
151051333
4079194
85641303
721247
58301024
9694
144317180
91269843
101497458
54361176
149410090
90995144
770075
51001268
149206066
207853
148820338
19885225
429495
122641832
